0.414551
0.534459
0.682073
0.643164
0.768891
0.660281
0.664503
0.828999
1.02235
1.08677
1.07689
1.05097
1.18515
1.18178
0.895727
0.79358
0.804691
0.859215
0.916542
0.731479
0.61559
0.638317
0.583177
0.46666
0.366097
0.289775
0.170107
0.0399892
-0.0634148
-0.16235
-0.274137
-0.390202
-0.388586
-0.627472
-0.460055
-0.566657
-0.718847
-0.616809
-0.946822
-1.13584
-0.782122
-0.992098
-1.20449
-1.01899
-1.16592
-1.19063
-0.812425
-1.10856
-0.752746
-0.655559
-0.737509
-0.799995
-0.546093
-0.531922
-0.516011
-0.472423
-0.348306
-0.190675
-0.0981659
0.0110435
0.110407
0.207854
0.379377
0.400733
